Accuracy: 
Logistic : 0.6432296312237076
KNN: 0.633408747901087(n=5)